SubID	L1_norm	L2_norm	pe_dim
51491	2.2598451839776854	0.4132267494198883	3.5131892648580205
50656	1.9061049553863372	0.37134918757405255	3.528089069623967
50659	2.4106380373502105	0.42168175604484387	3.519629228971687
50664	2.2143371201765922	0.39772429120078423	3.4947222056755542
50665	0.8481371532013513	0.15341242421099033	3.4736325792336644
50668	0.5205861994034626	0.13311251090551152	3.4245453524921254
50772	1.5447289422451418	0.3041634072859618	3.466370435844179
50773	1.8051495265795807	0.3209169275763956	3.49748472268576
50774	2.1414584720665593	0.4214627063089188	3.5018655057643775
50775	1.0050413130893634	0.20329809664973642	3.4739299182620007
50776	1.0828577140590503	0.24273170118506315	3.467481895124698
50777	0.5267289613643767	0.1394920265100982	3.461008387533322
50778	2.367152033316875	0.40296638955329495	3.5047333775108234
50779	1.3278125418743256	0.21601651581213688	3.4670269492841146
50780	1.3748241379175532	0.24032268522297223	3.470704657233777
50781	1.285981767403595	0.24540227240515344	3.513817914637815
50782	1.6344138151260774	0.29207920139155025	3.4938574591907186
50783	2.7220316120457975	0.4049003479547849	3.493492256409736
50784	1.3295042371181642	0.28741536867942685	3.5319428213596025
50785	1.2524510223747265	0.22721422634505375	3.4675685818213067
50786	1.381443029850905	0.24810248577382676	3.490321909332714
50787	2.2051538218489077	0.39630753999865337	3.4553305757697945
50788	3.2397334354218295	0.5492436391245817	3.566323460342386
50789	0.7643077454065472	0.17560676258743216	3.4595611416614296
50790	1.9025272555732218	0.35219132989058655	3.508804318686151
50808	1.752855593568366	0.3237595092163879	3.5496205090854254
50810	1.97686416930316	0.4107384654914075	3.502363444139121
50811	1.1914197835273201	0.2513167723059641	3.483166285266571
50812	1.5280370335371467	0.28624590075673284	3.4686867426045946
50813	1.9667443200969381	0.37397971372741345	3.506899714437428
50814	1.7847549869467603	0.28420806806718796	3.5103175472227575
50816	1.2597416076634058	0.2543673602507732	3.480099109098719
50817	1.343310233742676	0.25833346512647476	3.483259979608811
50818	0.6871901578802535	0.13813785958345312	3.4540915116996374
50819	1.9765142908006184	0.33683545227513345	3.5317430698451284
50820	1.3078627624038526	0.2734049815906919	3.4707924348232604
50821	0.8313301258733874	0.17226599956986827	3.456467413582172
50822	1.9993008922991686	0.3300641577357173	3.5224084344928723
50722	2.095578162567767	0.36991077997666594	3.4883977327657045
50723	1.4328954909918974	0.2972574481275552	3.4878010217970745
50724	2.5488867093283814	0.4051251110412329	3.4597960168265547
50725	0.5768295080491712	0.13806763894625035	3.4421592248372708
50726	1.3889397220583395	0.25117961145894135	3.4792714394969426
50728	0.8684126388276217	0.18274124650813592	3.455670662689818
50730	1.9889954825707572	0.4011608370717268	3.531071062407934
50731	1.3946226205149541	0.2536260088941095	3.485345068831368
50732	2.54009684232836	0.4051172252270542	3.4885303270488786
50733	1.5442504826498384	0.262561469424937	3.4707568884314837
50734	1.7498694210190422	0.3301753533188247	3.481206208121563
50735	1.7702411995231726	0.29990019150035435	3.497669215822036
50737	3.2976070975752396	0.628438434378583	3.4280147334792224
50738	1.1587800613386348	0.21099891361440495	3.4615162256287757
50739	2.4399028103040306	0.42460915708630975	3.5187388172798624
50740	1.9618232613582172	0.31957096196693535	3.487848330366324
50741	2.191559695284069	0.3869387560778803	3.5020794765451253
50742	0.9130514982025425	0.1757861395977717	3.446069213853034
51332	1.6971153474269165	0.342690334587066	3.4531199192933015
51334	3.004756423878713	0.466006944665168	3.499098943401544
51335	1.093223498571055	0.24802013748537438	3.47714208536153
51336	2.6684531929076454	0.4343711580848537	3.542633010756421
51338	1.018029444475395	0.2177387865549074	3.473387458296945
51339	1.4076539964076598	0.27843219810552466	3.4699603655290976
51340	0.8358066764636778	0.1654324206192976	3.451838516436209
51341	1.6109061001202343	0.31757720071228235	3.561181120496668
51342	2.075937450834124	0.36718557859672535	3.5150720759004357
51343	0.7411660117063259	0.16622650567280794	3.4521038282387835
51344	0.7150203466190808	0.1746108271309773	3.43626073838113
51345	1.479598886395011	0.24941901081892653	3.4805553303136625
51346	0.23301824367418594	0.08339974670028297	3.3932808316244927
51347	1.2263887861109062	0.2221234387032921	3.4566568228726187
51356	0.6583054297543554	0.15665699205023806	3.4636753600155332
51357	1.7893942952219266	0.3225217067698977	3.483723629745688
51358	2.577716113443996	0.44514648288180464	3.538381809958411
51359	2.1393563501955697	0.33456978168128154	3.5143314046871383
51360	1.4898187055773389	0.2857957316994683	3.464742096448059
51361	0.43586418953693734	0.09592221426718528	3.428185967527953
51036	1.2341891227350907	0.2645919488217786	3.493813506880339
51038	1.145340543977994	0.20472328769688775	3.468222430043747
51039	1.19769106015667	0.23574259477473966	3.4737281729233054
51040	0.7711671472588091	0.17530960815974944	3.468466435696336
51041	1.4573409110286555	0.2990916378126039	3.5060763442633442
51042	1.6820134303545338	0.3021868928930469	3.4763133121145895
51044	1.2174273762524364	0.24366875053809411	3.4807579663158705
51045	0.8950219076199704	0.20036502339395904	3.486188389718964
51046	1.5328899379440104	0.29159316200743446	3.5017558365096724
51047	0.9891701410292041	0.2259689938375539	3.4905669374572508
51048	1.4867034360159483	0.2573839339276277	3.4884357915530333
51049	1.235509195685209	0.2232680735351216	3.48621866313853
51050	1.042986774590661	0.2025641398681314	3.461599818473251
51051	1.9202686956343975	0.3134373392862431	3.4970615275955943
51052	3.218433028490698	0.4958565653189365	3.513025933789055
51053	1.4772227139059337	0.2955746121305946	3.4456535679575526
51054	0.5159441010989454	0.12131919685817066	3.4745645598219137
51055	0.6589376962423948	0.1697492016624457	3.4479880136063086
51056	1.2605746637843893	0.2590702370045319	3.449431106799395
51057	1.2670950587012157	0.24079933548387272	3.4658368370556163
51058	1.3661156510262034	0.2738635619969424	3.4533316996366743
51061	1.1851879191201273	0.24671918796277328	3.482861386789831
51062	1.042697940764393	0.22589745329741404	3.4717589005415306
51063	0.5395380637665742	0.11761647717633109	3.462815082832253
51064	1.4786202917624465	0.2932484021404333	3.478927413397573
51065	2.6473922862995303	0.3960869667358132	3.510552478799645
51066	0.5640960113997238	0.13210564434305108	3.4637443728818695
51067	0.944326168828271	0.19787280408717317	3.44511061465123
51068	0.40489576282888023	0.09549150717805971	3.429714241720712
51069	1.0919277181419993	0.2226591902517533	3.442414308724564
51070	0.9846342884446357	0.19125863374625351	3.448970363733339
51071	1.3563253018706196	0.25611368762765485	3.488399804286571
51072	0.5594379045800819	0.13400975906824106	3.4979321804156047
51073	0.6371032132805245	0.14458788192590713	3.4353804252457625
51074	0.9571325883070272	0.20165024455151367	3.4550450513047153
51075	2.6099256351850277	0.42031414377554815	3.465561442482436
51076	0.5224012859893459	0.11778963417727811	3.420720286649592
51077	1.1461808713653157	0.2078156734916035	3.4810118711494367
51078	1.5318070107913049	0.2864410686224705	3.480290267589047
51079	1.4775508092002057	0.27940277331243357	3.503194667413688
51080	1.3274764373803194	0.2669067699017071	3.470686693239715
51081	1.1350166807282565	0.2561230281699235	3.488778304686698
51082	1.7252972290019182	0.330438803908726	3.4980769778542973
51083	1.3180128251240477	0.2725448675732432	3.464688119099657
51084	1.4295246482837367	0.2577479700970603	3.4479039080267917
51085	1.004962401269304	0.21353698373386928	3.4527910630151766
51086	0.7119904873193903	0.16720287445807006	3.4990315108591323
51087	0.7748690714218218	0.1815794274568482	3.4811525827753464
51088	2.39653312051896	0.43871500676349834	3.4703484873843014
51089	2.3873164635246518	0.4438066952045778	3.491490926617095
51090	1.3831333913273145	0.25950069660663944	3.4944580436445625
51091	1.4318178962055068	0.25758107692083254	3.4920800766645312
51093	3.147062804162332	0.5056318154834294	3.489083357232773
51094	1.0698438267484836	0.21287854931099306	3.4542363623645853
51095	1.4538517393940984	0.2638385204202442	3.4798911495401867
51096	2.3335038883037305	0.45602925740705963	3.494677860566599
51097	0.7778507617017713	0.15333730017893482	3.4525218371824313
51098	0.31458129664477935	0.08380798173505474	3.433467985273708
51099	1.5741614044721373	0.3015997676555021	3.465803428702632
51100	1.4049449282344342	0.24645868001693477	3.486670165007055
51101	1.8383120631614798	0.3149091634656752	3.4657430970668326
51102	2.094038694761653	0.3488460861840125	3.478722835271613
51103	1.7013313294764663	0.3520619770748714	3.476473214538046
51104	0.2103822896333217	0.06571747561810423	3.3938542714728372
51105	1.5963176819205709	0.3245261218097462	3.492626851508071
51106	1.5399919259082913	0.30662651886063635	3.4966662552539036
51107	0.8474206407638875	0.16816457830065062	3.458608950214937
51108	1.6314415037437882	0.310923727172261	3.471242995851388
51109	0.9243034807728581	0.16911251960599485	3.452535528017357
51110	1.1829932842749917	0.24638742034174008	3.483344684290466
51111	1.037034833773164	0.22464597850480453	3.471873038226603
51112	0.540275962300545	0.11772040364101007	3.4628407304861977
51113	1.4761687773609764	0.2931339848485505	3.4788901990023344
51114	2.645543344657919	0.39583466612039026	3.510579258560802
51115	0.5648151206325394	0.13228211573057724	3.4638385036841557
51116	0.9441250753015556	0.19777440913284844	3.4450599041126613
51117	0.40516165883674954	0.09551559936334891	3.429723940030838
51118	1.0919277181419993	0.2226591902517533	3.4424144328354003
51119	0.984399244132036	0.19124095652671502	3.4489891942673974
51120	1.353342309708768	0.25566007122720286	3.48839798830248
51121	0.559528629006979	0.13433443488188265	3.4980276875946714
51122	0.6370557184026397	0.14463732603741622	3.435375060922205
51123	0.9482872223566989	0.20069271166875868	3.454711461459456
51124	2.5905709493464046	0.4174681940734375	3.4657391519235654
51125	0.523937439934114	0.11815439658266345	3.4205709998915426
51126	1.1447083957012318	0.2076573489938096	3.4810295966078053
51127	1.5254702113388272	0.2855459028259189	3.4801265341841114
51128	1.4771935453324636	0.27937795906316554	3.50313100616578
51129	1.3274764373803196	0.2669067699017071	3.4706869342837083
51130	1.1350571477109916	0.2561256020088853	3.4887789189241922
51131	1.7258966610903603	0.3305583985985197	3.4981291959073504
51146	1.3118932915474197	0.2712361414130048	3.4648376654434188
51147	1.429160085398208	0.2580001252983761	3.44755711096595
51148	1.0049958460098525	0.2135464465979605	3.452783955403299
51149	0.7126010514612859	0.16737079942377503	3.4989905397007357
51150	0.774901823550815	0.18158279027190743	3.481141827619869
51151	2.398372079471792	0.43901139410081924	3.4703860366792108
51152	2.3875908896322535	0.44385353368286096	3.491503476904322
51153	1.3832086748026722	0.25951568688692467	3.494456291838049
51154	1.4319922853990252	0.2576398377004904	3.492070164846341
51155	3.1471574217744775	0.5056368222919271	3.4890872558104973
51156	1.0695643516186024	0.21282199458638368	3.45424403720142
51159	1.4563275042687511	0.26431571338375703	3.480235451870165
50157	1.1452591681692414	0.22260990925440508	3.440190037266622
50158	2.718190517378644	0.4689288621602585	3.499913830180523
50159	1.8787732245042643	0.2943682708177744	3.506726239645745
50160	4.047225966988753	0.6068882490149993	3.5157486417222326
50161	0.8755943889068118	0.17451338111053113	3.460186054421948
50162	2.5595238052756466	0.43101643232513137	3.5200323443801276
50163	2.4755779165515275	0.44922116718296734	3.4987355669912032
50164	1.2678348220562166	0.25992717055013104	3.4886414686361933
50165	0.976073844179563	0.19275604424852194	3.428478851751896
50166	2.0151474154748037	0.3645416907939666	3.5213293043889187
50167	1.4957364851219483	0.29410856873840063	3.4897533718170277
50168	1.2009451858755074	0.23283031635329154	3.471298022279647
50169	2.057441873586331	0.38092306819962035	3.5237313682730615
50170	2.283523815199091	0.3510832232637443	3.5254547435867245
50171	2.377310896433811	0.4086563840934719	3.4736998023403975
50102	0.48832825934026397	0.10904512052597183	3.458422757368199
50103	1.2088824826132547	0.25732481260076023	3.5018657415654326
50104	2.1186598846338867	0.38600044386255145	3.4616189995341142
50105	0.8363707368562288	0.16159192452034704	3.4729113969827132
50106	1.32659934059639	0.23179336527340894	3.4978808141347657
50107	0.6633581480024403	0.1577291944701882	3.432436112945093
50108	1.4137997953467372	0.27256225719266264	3.490810226081954
50109	0.5613560195809285	0.1160280644519916	3.4536360394477947
50110	1.7644679857652659	0.29262669097683747	3.470660331664392
50111	0.8946535065404358	0.1753118605169574	3.4770982431929047
50112	1.1259524096726887	0.20875397485542288	3.488571089779895
50113	0.8112826507553537	0.16320823222499797	3.455888508433346
50114	0.9929164081562245	0.20482433077580628	3.4696917616801217
50115	0.9834147666138245	0.17675568708706427	3.454785510233974
50116	0.7217855632009041	0.16966517338583167	3.4494068741631634
50117	1.7758477454365806	0.30267036424308436	3.4848453500236642
50040	0.5487743842306373	0.11313101627150751	3.455665577747439
50041	1.0216659629946434	0.21422278062077157	3.47128905744093
50042	1.2621659373654914	0.2617146065926917	3.530961300095477
50193	1.0730665347479749	0.26398812941093996	3.496234513401971
50194	2.4547172815102916	0.46553789054873973	3.5024898037119736
50195	1.7369158887534217	0.379444392012182	3.4757242378569235
50196	2.4204279888903493	0.4116338878199851	3.49587883373711
50197	2.3180140131646434	0.43162900044474123	3.5043003344544017
50198	1.472655394598176	0.295226373553018	3.482894744095658
50199	2.6761387898436073	0.42160858299482845	3.4737252678111967
50200	1.637920870115667	0.3032899821494557	3.554617345683063
50201	1.1066416125728937	0.20560753692318834	3.4810769761785263
50202	1.0894535305258017	0.21900450869177887	3.495378941760234
50203	2.725715495812357	0.47897287064670757	3.5583604813398013
50204	1.5258524216095535	0.3038919885880272	3.5066494130518633
50205	1.3488618638360088	0.27027739726891004	3.4767644880725426
50206	2.3787485512334374	0.42508286900865105	3.4250011058898937
50208	1.167402547086544	0.2177353510350283	3.470699272400922
50209	1.7373691110082445	0.30156966398822604	3.503427451491169
50210	2.4725500240755682	0.5064398038185408	3.4819455007036764
50211	0.8075994234654537	0.14998449624550836	3.447579902965863
50213	1.2319859770069597	0.25357749615028047	3.5011624188364463
50214	2.360681578789961	0.4093334532861993	3.503373160981813
50215	1.1482565970777883	0.1896635919629571	3.480252523039622
50217	2.6788861461055165	0.4261200805375825	3.5109661349241135
51251	1.4121522473063046	0.24989395437168213	3.4949594479728336
51252	1.8610834757270585	0.30971484682914063	3.4676366136593773
51253	1.1999036312789157	0.2193558944917202	3.475745067955488
51254	1.516063156027259	0.3345354974703233	3.4660019722728648
51255	0.922548813305722	0.1890039228492791	3.4426652200382883
51256	2.2946781717476257	0.38054303331842193	3.467645635771097
51257	1.1375064467837936	0.24404170587221902	3.4416218781776413
51258	2.177672199230554	0.3641081962346175	3.54003259258422
51259	1.6120102589223761	0.253919403713686	3.4867592104506695
51260	0.2201646794530841	0.07141275377414043	3.4008205438362396
51261	1.9847801559171243	0.3693578888249888	3.523649806145018
51262	1.7813969058689754	0.3413243898513572	3.5092049141000707
51263	0.8670204181192598	0.16264588019179785	3.4596689526637827
51264	1.048412685247198	0.22671163704144134	3.4674749085629264
51265	1.6973948474071276	0.3283574492124062	3.4840187220742322
51266	1.4142235174269309	0.2725550295357542	3.505317755926927
51267	1.6031284694266055	0.3162654703359903	3.48971268522897
51268	1.6359181119125963	0.3132095580621345	3.466661652756623
51269	2.257174280835983	0.3988643096050939	3.4555416060066455
51271	1.3729936000396492	0.2856304949119645	3.5045733886517105
51272	0.4249908751302555	0.0939424129882352	3.4149040372482427
51273	1.2261675946249062	0.22794286282097215	3.467741065486482
51274	2.4652065988669407	0.4159136499750675	3.5600060397026683
51275	1.0996325084159402	0.21625238775833489	3.452754031472957
51276	1.673953027473879	0.348290000407357	3.4381801385007478
51277	1.0044433280050291	0.19500598778223466	3.4977126186002456
51278	3.0576477537761537	0.5299377883735958	3.490106407956766
51279	1.9868388636820087	0.3154321179952543	3.4861159985721955
51280	0.972759316134023	0.1974565577894512	3.4534775487662404
51281	1.4872133995172494	0.2656688917899094	3.481869043840231
51282	3.4109633294387263	0.5201016922862048	3.5090712877507944
51303	1.717129941124076	0.34649785656262655	3.462736740181117
51304	2.017468538770645	0.4030712062388702	3.4794182425329128
51305	2.3297119604758962	0.36930405880079387	3.488202977610648
51306	1.8043657796098818	0.3929069576545181	3.517887473256408
51307	1.1861497331145743	0.22724851659036277	3.469669374492696
51308	2.2307103322075132	0.3832825238848474	3.506018841176394
51309	0.9932116687768675	0.17701691183923118	3.478672338966968
51311	3.6582087883472942	0.6662900793499955	3.5286633111289034
51312	1.0999531081270597	0.18536553954588597	3.4605040971521888
51313	1.24970701466181	0.28942647738780247	3.4511553674966073
51314	2.5546913563168507	0.41316767887013783	3.4875909736925976
51315	1.3240802401662906	0.2614396244977041	3.4757979035927766
51316	2.713271350514301	0.4275312382663463	3.486451651540605
50327	1.9530414759533015	0.34799496409003544	3.4707138523562477
50328	1.1931895750581059	0.25139472917796296	3.4751410340621467
50329	0.5126491387530876	0.11768438171683032	3.43487765784879
50330	1.061084630220991	0.21128939026781143	3.486860913359913
50331	1.344196890432648	0.26527970830794634	3.5001836555614005
50332	1.7519163079572324	0.30821967807191075	3.4698989809459944
50333	1.5204746315561748	0.3187647804830394	3.5021107715133226
50334	0.9063795353953582	0.19379431301696937	3.461532051405142
50335	1.0892839094063427	0.20534176960161318	3.454328560907621
50336	1.111627221479854	0.2217123527363673	3.499105004912395
50337	1.873801963370433	0.3707623588527851	3.4766049800475676
50338	1.241931101808316	0.2637887087128328	3.4992547920821706
50339	1.6182820886460147	0.34123733492499575	3.5092014199898616
50340	1.3520982892480804	0.23518429386989068	3.497490742521829
50341	1.0694855304754634	0.22149330174531096	3.477635906132777
50342	1.2023631269982882	0.2188077567380434	3.49233611632779
50343	2.22241043331491	0.3857211081912249	3.508126084460737
50344	0.44467829172754614	0.11081000381406672	3.421437619565183
50345	2.124714795288592	0.3714162923012627	3.480118097351108
50346	0.9456944960784119	0.19242350615901346	3.4575524077820328
50347	1.536589369443726	0.3112005724359562	3.4524115880045865
50348	1.0963387409973087	0.1836024340698794	3.4883155184591343
50349	2.222340385793956	0.40113011862754544	3.512757878465711
50350	1.775128064963439	0.306838748195761	3.4982375568114312
50351	0.8899387882589143	0.16808356063124258	3.469401432427251
50352	1.3929159381817047	0.30998420997474163	3.5047824073599205
50353	3.379572672223973	0.5952244331150697	3.51828937952211
50354	2.269094625391954	0.3853561306345918	3.5018301670624012
50355	1.475081302914166	0.2956952903091601	3.4856513997540843
50356	0.5289267248779845	0.11793949250646145	3.4394271426973653
50357	1.4168707335491768	0.26737814417493566	3.4736216795321884
50358	0.7084835694700086	0.15879516044720948	3.4489501357359424
50359	1.570359294412991	0.2890431824171444	3.485278439756928
50360	1.3555730650277282	0.28365086555725305	3.496863878410911
50361	1.729837481136765	0.29598745163640794	3.5037279441959432
50362	1.2162292557065317	0.2588339912171966	3.524987383464352
50363	1.3854076192725782	0.23818603688682277	3.484491398613545
50364	0.7093770816077336	0.15740184876583424	3.439004460312647
50365	0.8377012362344506	0.16193218500426101	3.4495351940690457
50366	0.8757677972471054	0.17836698058414435	3.4760616175220367
50367	0.8881550706251949	0.21058804663409117	3.536618329366796
50368	1.2514804460344806	0.25190597885062777	3.516581787067975
50369	0.6496038194895183	0.16139910206954727	3.4447781107136564
50370	1.9011289388360266	0.35156458386813666	3.5175684109041594
50371	1.1127090125440937	0.2479797869838596	3.5194743600437723
50372	1.7988596996805377	0.31126643852927904	3.4877533956727413
50373	1.3738267271456053	0.3261235590605679	3.494435177679642
50374	1.4840941837242716	0.2777862927440545	3.4983743125805384
50375	1.578285747248888	0.28964865672078344	3.467332360670866
50376	1.1914305295226117	0.22149123916448984	3.4891408725123956
50377	1.715554827080211	0.3216706103990092	3.5126412415982724
50378	1.2396827113611204	0.23755870714878077	3.4687662778349546
50379	1.0385898066692918	0.24058137346588587	3.496656830485921
50380	1.3846948592703074	0.26836023547314036	3.5006035070874986
50381	1.087687228828787	0.24247808484064115	3.5375926483550346
50382	2.302762353190251	0.38913226986286104	3.5145415513468885
50383	1.1731616946257013	0.23881966389636808	3.4780449363897277
50385	1.3922599675927323	0.2408022145987418	3.4860687401011816
50386	0.38320088060543755	0.08633771083210215	3.436131329373333
50388	2.245247702637826	0.41827617965323405	3.530412212862432
50390	0.9491944205348395	0.20998799066021145	3.4687660093265302
50391	0.9642627840971433	0.1836995741691567	3.4671833100832794
50414	1.5494646400791976	0.26371774368209194	3.500021677890283
50415	0.8233532969224419	0.19833072412722186	3.452612305860778
50416	0.7247926370226042	0.17837593572160249	3.50344291531737
50417	0.27765811588175227	0.07032165778933826	3.4243458644625235
50418	1.0960934617467697	0.23318144578839184	3.487040394327628
50419	1.159205432724516	0.2852194583806837	3.4758632530968425
50421	1.0528793780886176	0.20295988565593037	3.4701546806213113
50422	0.7946437069684823	0.176563848394505	3.465583708190815
50423	0.4991876803905335	0.1211079634662268	3.451225088090412
50424	0.9636840509399807	0.18111509377256543	3.4786080050476653
50425	1.6535445821116144	0.3504448552831555	3.485672618906075
50426	1.572651153646647	0.3140399714614362	3.4641006401187275
50427	1.872538322781974	0.3649011710211499	3.5245776551356482
50428	1.017788550071458	0.18603844446244883	3.4697479470480532
50432	1.8008945168922152	0.32619586439690396	3.4744727720032493
50433	2.0028854237886398	0.37184685888941416	3.471648900798619
50434	1.342569578130015	0.2332362592925762	3.4775870022788222
50435	1.4417517005444187	0.30231587479662514	3.4594276259518884
50436	1.701574917783284	0.3065969412967564	3.484217106876935
50437	0.9327353744594327	0.194025841964202	3.487276374610658
50438	1.1212479213302502	0.21127122373694557	3.4705644032254943
50439	0.4208611075869546	0.1114509519394609	3.4203193907395235
50440	0.9422518464087581	0.21097953151481805	3.4320999467482816
50441	0.6627863404305576	0.1597904413596557	3.434141240183714
50442	0.7522435978660308	0.19591661299476693	3.430554248550714
50443	0.9446062557416882	0.19930673580079256	3.4505684496352798
50444	0.9632988381097171	0.2080598291612128	3.468791565518603
50445	0.33938568908951683	0.09413449369008936	3.429727024520424
50446	1.1500107925020078	0.2203458243462563	3.4981206793941233
50447	1.9459270707369196	0.3336130935932101	3.4710851469444393
50448	1.7507032746200357	0.3360641717483446	3.4946015214051718
50449	1.004451290456416	0.22444155737428215	3.4752350738438302
50450	1.153503895946855	0.21651797344618073	3.4960615795034453
50451	1.5648480145444466	0.2901441545686226	3.484926972306937
50452	1.622017228757657	0.31215290455398376	3.46471259694081
50453	2.1198500606960633	0.3581717516821393	3.4958992074269544
50454	1.8650463881938941	0.29472490051750627	3.5090967567758273
50455	0.762131349134058	0.15114590262560987	3.4904109833922847
50456	1.4394434003433567	0.2752131008767807	3.50277950914429
50457	0.9607098989172131	0.19522607400255004	3.4661668745049488
50459	0.9062611006490267	0.17156438061112034	3.4632095087888652
50460	0.8049649084405837	0.1689189834884552	3.4634923419087356
50461	1.7684323984337467	0.3226044736777158	3.5121892145776243
50462	1.0255093676583842	0.22875722282651456	3.4341737124573495
50463	0.8736076334373922	0.16347595141890697	3.44920806935259
50464	0.4987244325595215	0.11676088544126649	3.437326066608569
50465	0.7577133185560071	0.16091399061123676	3.4385023686005707
50466	0.2528810020061268	0.0654612311131271	3.42913938771329
50467	1.7121985829791886	0.2921083495810101	3.4883757942099893
50468	0.7148758711359999	0.15514487601883253	3.4408948549525937
50469	1.3801579413648732	0.2330203658241031	3.4821190059111577
50470	0.9582928620156581	0.23393746209795596	3.449814429588224
50471	1.2573418165575942	0.2624609707405206	3.468427830107381
50472	1.6924263976403484	0.296869911884935	3.4900018474021373
50473	1.4626778365378312	0.2563551161889078	3.4993164628573012
50474	0.49026725945647676	0.10858881110187736	3.435406887561961
50551	1.8311359781144123	0.32072798951402537	3.5079717456082795
50552	0.7465319834687703	0.15534508750594558	3.4658434028518608
50553	1.406594359698826	0.2999791358966709	3.537039021296103
50554	0.9461992450407147	0.20491244255991994	3.429602323828729
50555	1.4983944901606563	0.2718962408587268	3.4655569714226493
50556	1.3351976772677412	0.29192156006198944	3.4834155852437267
50557	2.2893294256422867	0.3804116276876994	3.5161629685882745
50558	2.3048364249209206	0.36200514374994636	3.498221203302127
50559	1.0645578349922444	0.19109854954853353	3.47402479188834
50560	1.7226978274706626	0.29565814706673516	3.4953647299402997
50561	2.2340627762592176	0.3372461604352627	3.5034391055629124
50562	2.0967899341566945	0.3501334964079205	3.4770944026606543
50563	2.537516582725689	0.39252750378815987	3.5139755852402574
50564	1.904456153178633	0.36889627378250184	3.497914052828364
50565	1.0351996292184424	0.21740466887256632	3.4882575711742643
50566	2.1444970379169335	0.3598588993842129	3.528925419816873
50567	0.26522693566790295	0.0683854066326706	3.4239032397715627
50568	1.9702608227852982	0.4148208919058004	3.4843436599087863
50569	2.4067770822681984	0.3505968252818395	3.50896062946758
50570	1.3216599536461957	0.28670209775147704	3.4742491160145366
50571	2.24969946163486	0.4028759839463817	3.51112721694341
50572	1.8035057316663803	0.356152253595987	3.45918586925614
50573	1.746443452348544	0.29248418229034484	3.482115428100605
50574	1.6657472107201383	0.2895634303737077	3.4534876710717874
50575	2.452413235452929	0.43017347475543966	3.4887210126643793
50576	1.6104954958335607	0.30162518097122487	3.514071583287497
50577	1.9054408845353552	0.34381276315682885	3.517295658589551
50578	2.814526041972786	0.44259693288671637	3.486044505642847
