term	freq	z_score	p_val	fdr_corrected
visual word	2	2.4853892808444975	0.01294098357078776	0.031083735047480406
word form	3	2.9561036704883463	0.003115523515713266	0.008773600705169544
faces	2	2.5842386611966246	0.009759423527972967	0.02465009035415853
fusiform gyrus	3	3.1177029914601406	0.0018226638177946532	0.0053801522332492776
reading	4	2.825329214046994	0.004723205971308267	0.012857616255228058
visual	13	6.257033558445102	3.9236900755803756e-10	8.739127895610837e-09
objects	7	5.221091864002953	1.7787127398665723e-07	2.0751648631776675e-06
recognition	2	2.4957038425287092	0.012570750564401267	0.031083735047480406
object	6	4.711651990669205	2.4571673229109045e-06	2.315407669666045e-05
ventral visual	3	2.9129333311567396	0.003580510354634768	0.009887353014695037
expertise	1	3.122929421559669	0.0017906068129637713	0.005349983770440536
repetition suppression	1	3.122929421559669	0.0017906068129637713	0.005349983770440536
ventral	2	4.519715690261751	6.1922732308544865e-06	4.8938933598688684e-05
passive viewing	1	3.122929421559669	0.0017906068129637713	0.005349983770440536
letter	3	5.83468867216037	5.389109615178596e-09	8.252074098242224e-08
visually	6	4.495326070632276	6.94634181102008e-06	5.157132556666423e-05
tools	3	4.01359761818423	5.9800254641294226e-05	0.00034072238109574617
gestures	3	2.380233328792817	0.01730167884784895	0.039989729412481065
intraparietal sulcus	12	7.224760057507492	5.01987365530303e-13	3.0586557776169274e-11
intraparietal	12	6.723518433373686	1.7738803065664022e-11	4.828896390097428e-10
ips	7	5.747835633992479	9.039304441799208e-09	1.230349771244892e-07
sulcus ips	9	7.195085698069743	6.24215464819781e-13	3.0586557776169274e-11
tasks	11	5.928848774787817	3.0506587200985106e-09	5.338652760172394e-08
task	9	5.225663270213526	1.7353191625336334e-07	2.0751648631776675e-06
sulcus	9	4.659594039569123	3.1683362435961016e-06	2.772294213146589e-05
superior parietal	11	6.980306686781459	2.9453638355823438e-12	1.1457889645736202e-10
color	2	3.1936612938834386	0.0014048083527396786	0.004609623572253473
shifting	2	3.292642500052685	0.0009925058759649439	0.003569891665494269
working memory	7	4.422778480961195	9.743963277737559e-06	6.820774294416292e-05
digit	1	3.4622265938284555	0.0005357259109594136	0.0020508257528915053
working	6	3.739916139779293	0.0001840816587727094	0.0009595746042407192
parietal cortex	12	7.822382644447668	5.1832768960161355e-15	1.2699028395239531e-12
anterior intraparietal	3	3.588432849704243	0.0003326716505407685	0.0014052509376291083
calculation	5	4.436878028169716	9.127297639294593e-06	6.577023298903458e-05
premotor	12	4.165007523867143	3.1134229703843745e-05	0.00018604600676687115
motor	10	2.9680849562955154	0.0029966149336543278	0.008536868124945468
actions	4	3.251344085800721	0.0011486075529592405	0.0039084562565974154
finger	7	3.770305147554003	0.0001630480633707713	0.000868408163605195
hand	8	3.513939566850933	0.0004415132477748544	0.0017169959635688784
action	7	4.102743145634033	4.082804257812873e-05	0.00023816358170575093
finger movements	7	4.780111126525875	1.7519832767777637e-06	1.7169436112422082e-05
movements	9	3.3113904819986772	0.0009283356957689506	0.00339466038005064
action observation	8	5.96145434656502	2.5000276871076877e-09	4.711590641087565e-08
sensory information	1	3.280961121737491	0.0010345400336738493	0.003569891665494269
ventral premotor	10	6.769255112136174	1.2944711558106367e-11	3.9643179146700746e-10
posterior parietal	9	7.277284610699624	3.406061932739292e-13	2.781617245070422e-11
imagery	7	4.385387590846003	1.1577943602015419e-05	7.666476168902102e-05
motor task	4	2.7899335825066567	0.005271885507448869	0.014039260318749705
premotor cortex	11	4.561599840939758	5.076532683573695e-06	4.2887948533639835e-05
execution	9	4.3929351748828545	1.1183048070702886e-05	7.610685492561685e-05
motor imagery	9	4.683107328375114	2.8255846610458133e-06	2.5639564516897193e-05
hands	5	3.1923690224634518	0.0014111092568122876	0.004609623572253473
mirror	3	2.7114427294806047	0.006699111251661943	0.017276655333233432
visuomotor	4	4.274726082888271	1.913724268755863e-05	0.00012022113996030422
mental imagery	2	3.6738009611771436	0.00023896890718330433	0.0011709476451981912
inferior parietal	5	3.6853523346452217	0.00022838646921952802	0.0011454103708208095
grasping	3	2.4520787907717545	0.014203355780319362	0.03378468122503149
dorsal premotor	6	3.8391918082028607	0.0001234399703582635	0.0006873361985857855
cortex parietal	1	3.0686587732536617	0.0021502203538049055	0.006271476031930974
preparation	3	4.354967348234718	1.3308675427881717e-05	8.580593367976371e-05
cortex ppc	4	5.124048605429085	2.990438396942027e-07	3.0527391968783193e-06
spatial	8	6.507558703324398	7.638190713012967e-11	1.871356724688177e-09
frontal eye	6	6.140150370895622	8.244340094772641e-10	1.6832194360160812e-08
location	1	3.5374444891070036	0.000404019104006209	0.0016226996800249379
visuospatial	5	5.200312946342159	1.9895325593415184e-07	2.2156158047212364e-06
eye	5	3.6845777698104087	0.0002290820741641619	0.0011454103708208095
eye field	5	5.793134258869207	6.908483579030689e-09	9.956343981544228e-08
eye fields	6	5.174101323727304	2.2901053028166725e-07	2.4394599964786294e-06
parieto	2	2.531489313946991	0.011357927824552146	0.028394819561380364
space	1	3.5374444891070036	0.000404019104006209	0.0016226996800249379
attention	5	5.875970513052167	4.203731542672703e-09	6.866094853032082e-08
parietal network	3	2.4381305202279995	0.01476344238376111	0.03477926330789877
wm task	1	3.5374444891070036	0.000404019104006209	0.0016226996800249379
shifts	1	2.39972071969345	0.016407584744659063	0.038284364404204484
attentional	7	7.594802961575637	3.082611290414175e-14	3.776198830757364e-12
frontoparietal	3	2.798449966826266	0.0051348524027169	0.013824602622699347
orienting	4	4.507570256328403	6.557422095942806e-06	5.0205262922062104e-05
fronto parietal	9	6.965444580668811	3.273682755924629e-12	1.1457889645736202e-10
dominant	2	3.1347926539660533	0.0017197561959183703	0.005349983770440536
planning	5	5.327906025759451	9.935150156886569e-08	1.2811114675985314e-06
saccades	3	2.745353106727535	0.006044582097407787	0.015923899073816215
saccade	3	3.785149781384519	0.0001536160288847514	0.000836353935039202
spl	3	4.527405047815068	5.9712417401252795e-06	4.876514087768978e-05
rehearsal	2	2.7127742301289985	0.006672254834148105	0.017276655333233432
goal directed	1	3.280961121737491	0.0010345400336738493	0.003569891665494269
response time	1	3.280961121737491	0.0010345400336738493	0.003569891665494269
fixation	3	4.219752462238113	2.4457070672197213e-05	0.00014979955786720793
target	2	2.4853892808444975	0.01294098357078776	0.031083735047480406
preparatory	2	3.1624811118647553	0.0015643088323321554	0.005042837683176028
imitation	2	3.046962672357073	0.0023116641460598952	0.006663031950407934
spatial attention	2	3.315663322193501	0.0009142590089832131	0.003393840260619503
posterior inferior	1	3.5901098714230026	0.00033053860603918705	0.0014052509376291083
performance	1	3.5901098714230026	0.00033053860603918705	0.0014052509376291083
interference	2	3.1936612938834386	0.0014048083527396786	0.004609623572253473
gyrus inferior	1	3.5901098714230026	0.00033053860603918705	0.0014052509376291083
ba 44	1	2.336347060718171	0.019473160655103287	0.04417522556018801
difficult	1	3.5901098714230026	0.00033053860603918705	0.0014052509376291083
letters	1	3.5901098714230026	0.00033053860603918705	0.0014052509376291083
memory load	3	3.375551475188178	0.0007366790967583424	0.002776713518550675
judgment	1	2.336347060718171	0.019473160655103287	0.04417522556018801
dorsal ventral	1	3.5901098714230026	0.00033053860603918705	0.0014052509376291083
decision task	1	3.5901098714230026	0.00033053860603918705	0.0014052509376291083
gain	3	2.630131530366102	0.00853518384365627	0.021782500434331106
parietal occipital	1	3.12292942155967	0.001790606812963768	0.005349983770440536
perceptual	1	3.12292942155967	0.001790606812963768	0.005349983770440536
frontoparietal network	2	2.9119559946419638	0.003591732319623912	0.009887353014695037
parietal frontal	3	3.528208526780776	0.00041838242748707267	0.0016532853989408517
rotation	2	2.491273451113672	0.012728611314071088	0.031083735047480406
