SubID	L1_norm	L2_norm	pe_dim
32302	4.315047795796578	0.6505963668391956	5.416417446689017
32304	4.767494454736458	0.6760993082159882	5.462879871406498
32307	3.3517085845294576	0.5276657247683725	5.462198706807621
32309	4.392949965515216	0.7311724452944741	5.439019891544115
32310	3.495866431378384	0.5558271378056477	5.4497645452253725
32311	5.27111274727303	0.761856801196047	5.463455403402011
32312	5.073736548685311	0.8575311161874276	5.4585245008992445
32313	4.4819245409417485	0.6874374805210958	5.465915389809801
32314	4.367810608271932	0.7087846393642366	5.447528461465028
32315	4.077419575473088	0.6661545072977639	5.458212147850666
32316	5.193612893005639	0.8404175378317308	5.496538971861533
32317	4.626925619176305	0.6802577485450478	5.4495114997343945
32319	3.553428404032938	0.6090122865270386	5.505796106609864
32320	4.193927772266705	0.6383514709139819	5.484868963730267
32321	3.6557063566578023	0.5582306365462979	5.440812352726017
32322	4.030170134298324	0.6161961937983329	5.463052888220679
32323	4.120805795743999	0.6408586897581361	5.4486747007428
32324	5.630087367240458	0.8564683351696752	5.4294380705066345
32325	3.90995529508321	0.6170326200326472	5.4340369552912735
32326	5.634224550567819	0.8566616585538468	5.4346522244380076
32327	5.929584449383759	0.948227978840109	5.4494074372785954
32328	4.056059744539884	0.5693449410031309	5.469566737414258
32330	2.8746335229074327	0.4452567664538689	5.447515481520487
32332	4.0619316534644065	0.6323853498857035	5.446896127240226
32334	3.4019847437346242	0.5430501639749729	5.4722913231466475
32344	4.497356016054704	0.6539894879000737	5.457528445450713
32345	3.424164379974135	0.5223757770988771	5.439902731126439
32346	4.320852101259991	0.6510870140163327	5.496291645974587
32348	4.037622223672177	0.6702552081285937	5.45948197607515
32349	4.788989551025348	0.7011429494859345	5.4753348767155945
32350	4.417981214519774	0.6816092495021235	5.468428839305233
32351	4.494907382138072	0.7568965476193488	5.451717062181791
32352	3.464430696396855	0.5347690857967061	5.4701340642712335
32353	3.0792691187360717	0.5102215080289056	5.4398796585572615
32354	4.9030098713955335	0.7514313770780807	5.482474472525988
32355	3.771088021877424	0.5825245883455021	5.4649302017529955
32356	4.867044036927677	0.7677463595447845	5.479044803767052
32357	3.390005967081632	0.5633451342151229	5.457172489642582
32358	4.028148174384276	0.6247779656074074	5.497719257053314
32359	5.777459786406791	0.9846957467900592	5.454446159353471
32360	4.504393133483539	0.7288899542605473	5.484824777360551
32361	4.481818382948741	0.6643041208814766	5.482607432556089
32362	3.3758808051547513	0.5742770463602596	5.492065077566313
32363	3.4990891046140096	0.5658626035344915	5.504551358917517
32364	4.391818649005215	0.6901094946124768	5.513296836088408
32365	3.8669719351193184	0.627619960196217	5.457154621121825
32366	4.1470571168248735	0.7046629070063426	5.476926777402329
32367	4.387875951832725	0.6930937212922957	5.433254931741166
32368	4.392814025967742	0.6199012742597776	5.498827547197232
32370	2.9470472833012455	0.5012922325080481	5.48478251648792
32371	4.137844174186178	0.56774430923975	5.488775593342398
32381	3.4803306394839684	0.5421399000586927	5.421204531788343
32382	3.6920837577896215	0.6369359111012056	5.499295569028226
32384	3.657639036134415	0.5434628335644052	5.485317736686801
32385	3.7838486903264927	0.6245609743588028	5.47777020784452
32386	4.624859549366763	0.7786084697889104	5.447042155731868
32387	4.166166996789425	0.690915766940728	5.505289330162835
32388	4.172630850602621	0.6809503908212244	5.473456516820347
32389	3.38803588912824	0.5395901346137405	5.480831612282394
32390	3.541508725895039	0.5794577643356508	5.454748229183693
32391	3.2275757679970885	0.4749353243802655	5.4436985914939715
32394	4.444334052794465	0.7241753671616922	5.487327263939752
32396	2.9275627357648175	0.4948054733218621	5.453608793867932
32397	4.297418605546592	0.7000910098457259	5.469827726905013
32398	4.759863870110335	0.7200702635441908	5.4851897812783115
32399	3.2343783113514393	0.4816674071203299	5.429047401157588
32400	4.849987368564082	0.7382117869784376	5.4400671215403715
32401	3.4344450756901588	0.5629022505969271	5.470467234540612
32402	4.352387195011014	0.6481963223839293	5.474155984721482
32404	4.809135962556624	0.8075164965737113	5.456549534015955
32405	4.618269884243821	0.730759814319918	5.469614639297536
32406	4.462945950103556	0.678714935992137	5.474643506040367
32407	3.8683071964458886	0.6424282791772205	5.4660704554505335
32408	3.0012831608149035	0.4757044518958341	5.454140253737376
32409	3.904721852496596	0.6159258755257269	5.431667132629678
32410	3.210326608081155	0.5304595517659344	5.467563796392986
32411	4.543995694944222	0.6590861337193695	5.51313899268656
32412	3.4862078364828943	0.563389759097581	5.48377208135012
32413	4.31785480771601	0.646898350412064	5.469212073572313
32414	3.951682415327445	0.6645278313316136	5.489839485642154
32416	4.0622106804246165	0.647896798932048	5.4797373246796885
32417	3.23861019975677	0.5439308924519364	5.451575611521315
32418	3.4720325749241145	0.609945483864442	5.446310595845894
32419	4.523997648559079	0.67616834287824	5.49473581632383
32420	4.545631423353072	0.7101023620369085	5.4852339820388325
32421	3.5411324603097922	0.5282939385213717	5.47516256401685
32422	3.7671719949075073	0.636975096451967	5.461843029818546
32423	4.73678955471375	0.7388935670270846	5.476226303152151
32424	3.7099777374718172	0.6266645888956007	5.466023487161992
32425	4.537786103836364	0.7329201320257699	5.46680864533174
32426	4.3463300892509515	0.710296522882995	5.487119976630279
32427	3.314177937008691	0.5810236553322321	5.494854520439224
32429	4.046508700353618	0.6518248189785338	5.455700133723447
32432	4.541978901338985	0.6820007442722789	5.488752251761872
32433	3.636583984035232	0.6030105497269732	5.4346534118519845
32434	4.406666688677985	0.6622328772963361	5.50034116874955
32435	3.642361907080045	0.5654020023998277	5.449462482105444
32436	3.4740067211579477	0.5293196981492755	5.429079658362934
32437	3.961388949640255	0.6252464487119284	5.435645689302096
32438	4.428234919618899	0.7043404072462387	5.456044993264069
32439	3.6600590207029295	0.5539973874093911	5.422877293013826
32440	3.387358637256708	0.5267347783995493	5.464925265469418
32441	4.900917496164535	0.7911854096946638	5.478895886369935
32444	4.666327088859455	0.6907350678264907	5.464091135074131
32445	3.7142645443066318	0.5855951642363438	5.44622668567724
32446	3.5380364117604435	0.5895904117243156	5.545294835278742
32448	3.644573476591388	0.5929746940983638	5.449470234919746
32449	4.121743145973197	0.6391888582732839	5.4705070122636945
32460	5.134342434031086	0.7823279667051192	5.4461674107745015
32461	3.9113963290470855	0.6430850983799681	5.452238263401203
32464	4.183613289450864	0.6099473160979649	5.481405631290361
32467	4.703492028017337	0.7770604034842384	5.457678184625875
32468	5.025659275615137	0.7776029674813677	5.459710931424995
32469	5.223907750604674	0.7903239784944815	5.537358278414112
32470	4.5726482308951635	0.7141357545819204	5.485190533870828
32471	3.4910171333688957	0.5796974491935067	5.485303981052019
32472	3.665373941612235	0.5918222995212932	5.474893231284403
32473	4.103227327490623	0.6248507142676464	5.498242092590877
32476	4.0410055292336935	0.6413741691867278	5.491208000926992
32477	4.18020786422567	0.6690407022639285	5.4378168871585615
32478	4.33016559285011	0.6436668982472425	5.488720596603413
32480	4.852013099001024	0.8075032114323836	5.487909364528929
32481	2.933192085682829	0.4481480240232764	5.437376956183917
32499	3.601634192817672	0.550293019535655	5.442834691112319
32500	4.029375388902759	0.5886309569541274	5.472723893059202
32501	4.522953312117537	0.6774793838616691	5.493117644039406
32502	5.4279736773974605	0.8120077014681908	5.450043297287266
32503	3.5677740887976808	0.5553997521505047	5.44314169533979
32504	3.885418909986551	0.6543098297464033	5.463730861713483
32505	4.508034429991396	0.7386849713058141	5.469687156017669
32506	2.5470113818122337	0.42479748727164773	5.422286036327616
32507	4.154402347281631	0.6774309109021247	5.446853577439201
32508	3.677170441293201	0.6232349304563769	5.486912048938095
32509	2.7594552691504726	0.47911256544079367	5.4375380079374835
32510	4.7189369852197816	0.7585929641156751	5.495890593975933
32511	3.207929248836593	0.5392923490469776	5.475258275253999
32512	4.776804606779042	0.791228075123975	5.485469423078811
32513	5.013452018125602	0.7356936630535771	5.47364343936111
32514	4.630869420569529	0.776340402575827	5.389392439418591
32515	5.171227626685219	0.8115217959102897	5.510022305025613
32516	3.494698978617442	0.5732794524240606	5.495973554062694
32517	3.7057528165053815	0.569169399751394	5.511685306884559
32518	3.9232469143881104	0.6258679282141049	5.542721097568467
32519	4.179416886941176	0.5943144666211363	5.461034835082508
32520	3.9951396479747667	0.687540632869511	5.530174336040037
32521	3.285813586611118	0.5048366140559055	5.434915850203954
32522	4.31956300842532	0.6598943514646499	5.460803680333225
32523	2.8031025151999347	0.47898692375584273	5.442744001693731
32524	4.262556137533869	0.6803901883472656	5.499176242290032
32525	3.762183033922777	0.6297560883800875	5.455791988418523
32526	4.669207997252713	0.7026686223976069	5.463424311202305
32527	4.017454722852498	0.6074348857969712	5.500465095361572
32528	3.9355571357849257	0.6656504384629467	5.456500593297328
