Nodes	p_values	fdr_corrected_p_val	Young_mean	Young_sd	Elderly_mean	Elderly_sd
0	0.048943671446175306	0.13595464290604253	4.450980392156863	0.2305266059185844	3.638888888888889	0.3375934088297225
1	0.5040446709659048	0.6676088357164301	3.176470588235294	0.18939860261473274	2.9444444444444446	0.28995229822514634
2	0.20311815043336964	0.356347632339245	6.124183006535947	0.2742096660516046	5.486111111111111	0.41678076163493527
3	0.05526310824612267	0.1454292322266386	3.0065359477124183	0.17386338638836918	2.4305555555555554	0.24211055953731428
4	0.9538161729062652	0.9657458156959596	1.9869281045751634	0.11983639234767551	2.0	0.1907484640195606
5	0.8283936548670527	0.9062463606577073	1.2026143790849673	0.12961782526502566	1.1527777777777777	0.1893689816153969
6	0.2379923984702315	0.3968610906967831	1.8562091503267975	0.14849847622729878	2.1944444444444446	0.24357060340980846
7	0.2776390301190085	0.4414451377008813	5.2745098039215685	0.24904967192952684	5.805555555555555	0.4184884534097453
8	0.3099793169796344	0.47469814162071966	1.9934640522875817	0.13065443884380373	2.2222222222222223	0.18259799416609943
9	0.037645725511100965	0.11583300157261835	2.764705882352941	0.15538845369367066	3.513888888888889	0.32015807883648756
10	0.9609170866174799	0.9657458156959596	3.7973856209150325	0.20970589696089612	3.7777777777777777	0.33985533964707454
11	0.6308634477196365	0.7646829669328928	2.9934640522875817	0.20391269286426944	3.236111111111111	0.4602735525479386
12	0.02274609729039504	0.07981086768559664	3.549019607843137	0.18241895450602408	2.8333333333333335	0.2517544074890068
13	0.7948228681604115	0.8880702437546497	4.189542483660131	0.200779276879691	4.291666666666667	0.33650922502800945
14	0.059993876117361934	0.15188323067686565	6.333333333333333	0.34661367380945757	5.333333333333333	0.3985497968034627
15	0.5393507680119386	0.6914753436050495	5.9411764705882355	0.27762496049377144	6.25	0.41807274490368174
16	0.007350487390899193	0.03973236427513078	4.300653594771242	0.23443734238086406	3.2777777777777777	0.2948582735745974
17	0.2842107063473819	0.4461641589532862	8.42483660130719	0.3020245883177905	7.847222222222222	0.4443435673859123
18	0.5599772827896856	0.7075804182253005	5.176470588235294	0.274960929622658	4.847222222222222	0.49158001234554455
19	0.31656280789364255	0.4796406180206705	2.5098039215686274	0.19827204329565376	2.8472222222222223	0.2709599539490327
20	0.010598813325500141	0.051701528417073865	5.366013071895424	0.27924902270687063	4.180555555555555	0.36328271435785175
21	0.2630911927156479	0.43129703723876706	4.130718954248366	0.2372828086362268	3.625	0.3822333165675249
22	0.6419086677818144	0.7733839370865234	4.3202614379084965	0.21160305041165936	4.125	0.3614532807686268
23	0.3435264798285309	0.5051859997478395	4.588235294117647	0.2638540741773472	4.152777777777778	0.37459405373652976
24	0.022435139412613075	0.07981086768559664	5.705882352941177	0.2747676807317669	4.597222222222222	0.3939386814600443
25	0.3368168468475994	0.5027117117128349	4.633986928104576	0.24425839438097108	4.208333333333333	0.3678903503207918
26	0.013229520227279894	0.06013418285127225	4.69281045751634	0.2395531482760219	3.6805555555555554	0.3249090331877265
27	0.23148484326839577	0.3968610906967831	4.803921568627451	0.24023030020951208	4.277777777777778	0.3659094946881044
28	0.23811665441806987	0.3968610906967831	3.4705882352941178	0.20255056309397051	3.0694444444444446	0.271440823842966
29	0.0003193794052839445	0.003193794052839445	2.542483660130719	0.16536824678195364	1.5555555555555556	0.2110864000033836
30	1.4393986730716805e-07	1.4393986730716806e-05	5.836601307189542	0.30013434618554186	3.4305555555555554	0.32127630165732357
31	0.17146742028271933	0.3316283861881764	6.882352941176471	0.315293745411011	6.125	0.45188593676226024
32	0.26946545103627095	0.4381552049370259	8.254901960784315	0.33584315846351254	7.638888888888889	0.4428644647049679
33	0.014371368015960496	0.06338636719267761	7.372549019607843	0.34759015492619294	5.888888888888889	0.4875426049981704
34	5.5855219983529066e-05	0.001015549454245983	6.372549019607843	0.28611401130165137	4.263888888888889	0.41865397226816536
35	0.8837508992681379	0.9351861367916804	7.470588235294118	0.30150676870159454	7.388888888888889	0.46913980633238234
36	0.0005880544204606618	0.005325859842307909	5.980392156862745	0.2477054293397654	4.416666666666667	0.36885285096512643
37	0.002571676138686888	0.016061995200467923	4.712418300653595	0.230103176521016	3.4027777777777777	0.35858557680543734
38	0.04305949341433597	0.124810125838655	6.9411764705882355	0.26184286662161194	5.958333333333333	0.4036402723757481
39	0.8437318945466386	0.9062463606577073	4.4640522875816995	0.24236290650135697	4.375	0.3801806979152054
40	0.351084311428955	0.512531841502124	5.30718954248366	0.27231521567849826	5.847222222222222	0.5084034517260914
41	0.9396847730857496	0.959687779647634	4.784313725490196	0.22959207189342318	4.75	0.38999117200393346
42	0.03070451281668919	0.10067053382521046	5.816993464052287	0.29081778406908115	4.777777777777778	0.3774876912575398
43	0.6759991244034156	0.7999989637910244	5.052287581699346	0.2463686820431434	4.861111111111111	0.3842077980260017
44	0.09604481275618555	0.21108750056304515	7.810457516339869	0.31472185835129224	6.930555555555555	0.42067387109859095
45	0.20003234743247253	0.3544506881987751	7.477124183006536	0.33360218354532334	6.722222222222222	0.48216315454281505
46	1.4049807192827135e-05	0.0004918315311908209	4.0130718954248366	0.25615688725112656	2.388888888888889	0.2590728892694925
47	0.8459692780113581	0.9062463606577073	4.61437908496732	0.24291193401910205	4.513888888888889	0.45535977605374134
48	0.5952213219093683	0.7258796608650833	1.1503267973856208	0.15621821777351422	1.0138888888888888	0.2031568690473957
49	0.03438787163085401	0.10759518649936571	6.0	0.28401998989712457	4.972222222222222	0.38859535087582964
50	0.3902953757965586	0.5575648225665123	5.431372549019608	0.23253673283854617	5.083333333333333	0.33023797555820633
51	0.525022273585895	0.6778938661535256	5.0588235294117645	0.24487089577994534	5.375	0.4312869248894461
52	0.19598914266025316	0.3531335903788345	4.627450980392157	0.24533528249669773	4.041666666666667	0.37811693672774777
53	0.8558190184700893	0.9104457643298823	4.379084967320262	0.21409856465175142	4.458333333333333	0.3788921644748932
54	0.20026463883230794	0.3544506881987751	2.6013071895424837	0.14760438496783976	2.2916666666666665	0.19017072882882471
55	0.0009908929722743758	0.007077806944816969	2.9673202614379086	0.1784817049740871	1.9722222222222223	0.23650776770985327
56	0.01789526651327588	0.07124570005282119	2.1437908496732025	0.11854898323190186	2.75	0.2226863306939478
57	0.468380294961548	0.647450772449231	1.8627450980392157	0.11805484881168919	2.0277777777777777	0.19377259293001806
58	0.4060847778234622	0.5760067770545564	2.0718954248366015	0.1169738603320429	2.25	0.17883950367611
59	0.05813603477843373	0.14906675584213777	1.1503267973856208	0.08487796630004936	1.4722222222222223	0.1453130857431407
60	0.37402288928551797	0.5420621583848086	7.503267973856209	0.36132760104575445	6.986111111111111	0.4538537193569763
61	0.3801666455589551	0.5470023677107267	8.300653594771243	0.2967669163244473	7.833333333333333	0.4400704169005069
62	0.06374854166468764	0.15740380657947564	7.529411764705882	0.30869450349035626	6.541666666666667	0.4292410141171426
63	0.5625264324891139	0.7075804182253005	6.411764705882353	0.29068342477158415	6.083333333333333	0.48520763346667883
64	0.5144494610926384	0.6724829556766515	2.130718954248366	0.18094009999109686	2.3333333333333335	0.2517544074890068
65	0.1487484012904382	0.3035681658988535	5.078431372549019	0.2723544308365053	4.416666666666667	0.36565695374862783
66	0.5848037240929249	0.7258796608650833	3.5620915032679736	0.18956027578617257	3.7777777777777777	0.3449967806330833
67	0.17244676081785174	0.3316283861881764	6.61437908496732	0.2650888861525915	5.930555555555555	0.42206659989302847
68	0.47207219791333965	0.647450772449231	5.915032679738562	0.23569272126967133	5.527777777777778	0.4820617165073329
69	0.3418775481272901	0.5051859997478395	5.143790849673203	0.24065226063373013	4.736111111111111	0.3532727910946987
70	0.6831016744055608	0.8036490287124245	5.019607843137255	0.19551001200684567	5.194444444444445	0.37976955829248427
71	0.04836083315134302	0.13595464290604253	1.1437908496732025	0.09876181359737451	0.7916666666666666	0.14660676860547392
72	0.23706663356507657	0.3968610906967831	1.0065359477124183	0.08004166228225623	0.8472222222222222	0.10772167925184845
73	0.03443045967979703	0.10759518649936571	6.771241830065359	0.2608987819229003	5.75	0.4003861594539903
74	0.8022842403023697	0.8914269336692996	5.026143790849673	0.2987687888077678	4.902777777777778	0.39069764365393606
75	0.18669813703211854	0.34914029708874794	5.457516339869281	0.24917941145680703	4.847222222222222	0.3864183486191349
76	0.04183384016609111	0.12304070637085619	6.196078431372549	0.26524044941064584	5.263888888888889	0.36845119285498057
77	0.10125182753511183	0.21774586566690715	5.189542483660131	0.23565694610875748	4.569444444444445	0.29326449582334363
78	0.17897579633060853	0.34090627872496865	5.38562091503268	0.2610021738635217	6.041666666666667	0.4094145883628468
79	0.05701358429766619	0.1480872319419901	4.42483660130719	0.24230375979429275	3.611111111111111	0.34800771871192915
80	0.739732026094436	0.8455017812878517	5.4183006535947715	0.2964087274967411	5.611111111111111	0.4974723101406085
81	0.18679005894248016	0.34914029708874794	9.718954248366012	0.31110861784375565	8.98611111111111	0.4564324883425112
82	0.0896344258747016	0.20427765832004857	4.699346405228758	0.22924416408373055	3.986111111111111	0.34853429719417844
83	6.14766938130955e-09	1.22953387626191e-06	3.366013071895425	0.2003504913902649	1.6111111111111112	0.20703166650835886
84	0.47263906388793864	0.647450772449231	4.313725490196078	0.22419649523506718	4.041666666666667	0.30414295039060246
85	0.021303486758526623	0.07890180280935787	3.320261437908497	0.1851592149444574	2.6527777777777777	0.21950980584025023
86	0.9119264685626042	0.9514681362086349	4.967320261437909	0.27281015093500743	5.013888888888889	0.319852430490853
87	0.0901947793064402	0.20427765832004857	6.483660130718954	0.2563444318964431	5.722222222222222	0.3653744955469314
88	2.4747801508664257e-05	0.0006186950377166064	6.189542483660131	0.24862048593329475	4.458333333333333	0.31145168453499655
89	0.01693392102884215	0.06911804501568224	5.169934640522876	0.22806051166109315	4.277777777777778	0.2908504489510314
90	0.00823769351270944	0.043356281645839156	4.823529411764706	0.2368156857003076	3.8055555555555554	0.2977740113745876
91	0.571430573277649	0.7142882165970612	6.254901960784314	0.24298365600037392	6.0	0.37789052906388315
92	0.1562059007985348	0.3124118015970696	5.03921568627451	0.25309952563760796	4.402777777777778	0.36774261801875197
93	0.06946618162433427	0.16738838945622717	4.640522875816994	0.2287802829746571	5.458333333333333	0.38351062444348644
94	0.2623702469916577	0.43129703723876706	2.8758169934640523	0.1633625691063539	3.236111111111111	0.2751390710773662
95	0.4980519874071003	0.6640693165428004	4.607843137254902	0.21394361200831563	4.347222222222222	0.31842219234093017
96	0.01166329357057982	0.054464910281573325	5.196078431372549	0.19585901035569928	4.236111111111111	0.319852430490853
97	4.964970014537745e-05	0.0009929940029075488	2.9411764705882355	0.17379871589332435	1.8055555555555556	0.20992480292470658
98	0.5907494509111358	0.7258796608650833	4.222222222222222	0.1882839013418064	4.055555555555555	0.24537098552102496
99	0.003180649355252627	0.018709702089721333	2.4836601307189543	0.1507077030597912	1.8333333333333333	0.15699645640568985
100	0.004373513529477617	0.02499150588272924	2.366013071895425	0.1435913492348032	1.7222222222222223	0.1704066550914634
101	0.00030524186378687453	0.003193794052839445	3.0326797385620914	0.14379084967320263	2.1805555555555554	0.18055555555555558
102	0.0008098455435560078	0.006229581104276983	2.4705882352941178	0.1617060593568848	1.6805555555555556	0.16646277303907778
103	0.10011261062715736	0.2176361100590377	1.738562091503268	0.1290898659223014	1.3611111111111112	0.18796492234640477
104	0.691371402449509	0.808621523332759	2.2483660130718954	0.15663324571383697	2.125	0.2675290486326388
105	0.27588569135695	0.4414451377008813	1.2222222222222223	0.1151651206184887	1.0277777777777777	0.1355626745866594
106	0.08765392390264044	0.20384633465730337	1.9150326797385622	0.14244767789348606	1.5277777777777777	0.17465842163977008
107	0.7398140586268702	0.8455017812878517	1.7777777777777777	0.1181143492684741	1.8472222222222223	0.17204891830634764
108	0.3109272827615714	0.47469814162071966	1.2745098039215685	0.09376654497632936	1.4444444444444444	0.13830078932886197
109	0.2781104367515552	0.4414451377008813	1.392156862745098	0.11404442662869453	1.1805555555555556	0.15740261277180256
110	0.15799495723053836	0.3128613014466106	2.30718954248366	0.1472956087827115	2.7083333333333335	0.24098576572097616
111	0.48029366204457336	0.6534607646864944	1.9607843137254901	0.12403128348471974	1.8055555555555556	0.18089380859451273
112	0.04084127342205536	0.12191424902106077	1.9542483660130718	0.14466188627858828	2.5416666666666665	0.24461132978749553
113	0.016742698860338627	0.06911804501568224	1.5032679738562091	0.13020193592343068	1.0138888888888888	0.15510743355833412
114	0.1250872601681949	0.26334160035409454	5.111111111111111	0.24227940107097903	4.527777777777778	0.2906822570752027
115	0.12658775396674887	0.26372448743072685	2.6470588235294117	0.182779110739189	3.263888888888889	0.3565797004432729
116	0.9608245858151797	0.9657458156959596	2.7908496732026142	0.17090926092673572	2.8055555555555554	0.2451715959463427
117	0.04689290691769872	0.1339797340505678	1.9607843137254901	0.1430304816855192	1.5	0.1802015911653639
118	0.061477950417883016	0.15369487604470752	2.4901960784313726	0.18269606077924566	1.9305555555555556	0.2343091507507622
119	0.09602999748440778	0.21108750056304515	2.6666666666666665	0.22101495247861908	2.0694444444444446	0.2799552759447467
120	0.9355876359178091	0.959687779647634	2.5686274509803924	0.1828482902241759	2.5416666666666665	0.27828103863401077
121	0.8355235739397316	0.9062463606577073	1.6143790849673203	0.13914210309738478	1.6666666666666667	0.20932860854091978
122	0.00013714562398397582	0.0017143202997996977	1.3856209150326797	0.11734807017588955	0.7361111111111112	0.11866671868496571
123	0.01952061315126194	0.07507928135100746	4.627450980392157	0.22675420836926727	3.736111111111111	0.3019194305590846
124	0.07501406718763694	0.17650368750032222	4.470588235294118	0.1947581972022908	3.8472222222222223	0.2877654739637197
125	0.06941695930261532	0.16738838945622717	4.65359477124183	0.2216599860562677	3.9166666666666665	0.3361093327595578
126	0.9783066419205835	0.9783066419205835	2.0065359477124183	0.15669244568283466	2.013888888888889	0.2198066581390733
127	0.00011294458658303598	0.0015232101118880785	3.9281045751633985	0.22297218600374002	2.5694444444444446	0.261530936425699
128	0.01003323935530277	0.05016619677651384	3.1241830065359477	0.15936542694369343	2.4444444444444446	0.20640079150221818
129	1.35888738734088e-06	7.731574796945963e-05	3.6862745098039214	0.20663041649090086	2.0972222222222223	0.24076017637528005
130	0.000775341539208904	0.006202732313671232	4.450980392156863	0.20838568516028244	3.2222222222222223	0.2908504489510314
131	0.32287957700070546	0.4855331984973014	1.6862745098039216	0.12178814363237439	1.4583333333333333	0.194744626327835
132	0.14344307060903203	0.29575890847223096	1.8496732026143792	0.14026464060493074	1.5138888888888888	0.18019405245382608
133	0.05305291311235331	0.14338625165500893	1.5816993464052287	0.11898202951505077	1.1944444444444444	0.15902540727812078
134	0.0006124738818654096	0.005325859842307909	4.228758169934641	0.24631734323100307	2.8333333333333335	0.31399291281137964
135	0.9133526482688588	0.9514681362086349	5.143790849673203	0.23339566848573823	5.097222222222222	0.35776635033607385
136	0.5118487833431351	0.6724829556766515	4.38562091503268	0.22906387750250426	4.097222222222222	0.3738099124350132
137	0.006378389269341602	0.035435495940786675	7.143790849673203	0.2878425108105488	5.916666666666667	0.3384293556933148
138	0.011709955710538265	0.054464910281573325	4.836601307189542	0.23136749589750824	3.763888888888889	0.3502140277613501
139	0.05499649611171448	0.1454292322266386	4.4640522875816995	0.20922690591515186	3.7083333333333335	0.32945959213263215
140	2.043037678899786e-05	0.0005837250511142245	6.366013071895424	0.23729346821468847	4.736111111111111	0.2859469726848311
141	8.25916230809977e-05	0.0013765270513499616	5.470588235294118	0.26000099618921707	4.0	0.2571360259420016
142	0.16811909671305864	0.329645287672664	5.228758169934641	0.21559765095072722	5.833333333333333	0.378924431212399
143	0.9134094107602895	0.9514681362086349	3.215686274509804	0.18288978535468267	3.1805555555555554	0.265612933410092
144	0.00027717613562095724	0.003193794052839445	4.908496732026144	0.21716016615479375	3.5555555555555554	0.2912984858517166
145	0.7552573827399804	0.8533981725875485	5.078431372549019	0.21620165463409613	4.958333333333333	0.3179781958253495
146	0.01457886445431585	0.06338636719267761	6.509803921568627	0.2679916847417362	5.416666666666667	0.35202855020082474
147	0.03909430245067476	0.1184675831838629	4.568627450980392	0.21979849456913175	3.7777777777777777	0.3097415641307527
148	0.8316326578157733	0.9062463606577073	4.006535947712418	0.207259198356179	4.097222222222222	0.37171078193638024
149	0.5526849844721633	0.7040573050600806	7.084967320261438	0.2913362734940156	7.388888888888889	0.4193834226876144
150	0.025453546382831198	0.0862832080773939	4.496732026143791	0.22239668175647234	3.5694444444444446	0.3447722643655927
151	0.8473403472149563	0.9062463606577073	1.3986928104575163	0.09472674898313649	1.4305555555555556	0.13535207219085035
152	1.5463149593891927e-06	7.731574796945963e-05	2.9084967320261437	0.18624885912020925	1.6805555555555556	0.1640956495291724
153	0.0024104735370926423	0.015551442174791241	3.4313725490196076	0.20917316911727693	2.4027777777777777	0.2599052751352364
154	0.008646220286036293	0.04433959121044253	6.222222222222222	0.2502530920852534	5.013888888888889	0.37814567720754055
155	0.7669544743467496	0.8617466003896063	5.026143790849673	0.2534501713790285	4.902777777777778	0.3292946189908531
156	0.9404940240546813	0.959687779647634	4.130718954248366	0.19687374539326824	4.097222222222222	0.40204860876703835
157	0.19484852999960872	0.3531335903788345	4.137254901960785	0.2021255352143156	3.6805555555555554	0.2865164941905217
158	0.5253677462689824	0.6778938661535256	1.1764705882352942	0.10455634935678128	1.0694444444444444	0.1316893795244476
159	0.7154625609131826	0.8319332103641658	2.6013071895424837	0.14876508901538782	2.6944444444444446	0.20711039076489882
160	0.1935324087201186	0.3531335903788345	2.261437908496732	0.13140087011841392	1.9583333333333333	0.19119660669064098
161	0.0019067256561992574	0.012711504374661717	2.3529411764705883	0.12526909055898386	3.0833333333333335	0.1935481241689701
162	0.02055239627357214	0.07755621235310242	1.7843137254901962	0.10240535768021289	2.2916666666666665	0.19017072882882471
163	0.491841605727928	0.6618777547340043	1.2549019607843137	0.08872128515769587	1.375	0.14990542140884075
164	0.2855450617301032	0.4461641589532862	6.352941176470588	0.2599036940653091	5.861111111111111	0.378048669331394
165	0.028409754935334545	0.09469918311778182	7.333333333333333	0.2738455770480865	6.25	0.4052424456416292
166	0.02226326892586871	0.07981086768559664	6.601307189542483	0.278259967169723	5.569444444444445	0.3498414512837802
167	0.8220421919012268	0.9062463606577073	4.444444444444445	0.21785790035692176	4.361111111111111	0.2988668973997095
168	0.0001036856037148753	0.0015232101118880785	2.281045751633987	0.15967198390478277	1.4305555555555556	0.14376230829648204
169	0.592282132673913	0.7258796608650833	3.816993464052288	0.20992691008124315	3.625	0.2896476057630318
170	0.09090355795242161	0.20427765832004857	4.790849673202614	0.22133643448783788	4.083333333333333	0.351472422602066
171	0.0181676535134694	0.07124570005282119	5.980392156862745	0.2403039921020172	5.083333333333333	0.2891829188651714
172	0.49309892727683324	0.6618777547340043	5.130718954248366	0.2445998836191912	4.819444444444445	0.38115136754313694
173	0.0009260907682199077	0.00685993161644376	5.529411764705882	0.2023381607549081	4.277777777777778	0.30910936615288115
174	0.6464821675745389	0.774230140807831	4.437908496732026	0.22407361279062615	4.25	0.34187987164407296
175	0.44293588352336954	0.6238533570751684	7.176470588235294	0.257183958477878	6.805555555555555	0.4075955723293709
176	0.9194436966917721	0.9527913955355152	3.947712418300654	0.18588635410379722	3.9166666666666665	0.24365982341404974
177	0.050102318951886576	0.13726662726544267	2.3529411764705883	0.133252874406547	1.8888888888888888	0.19335150023472436
178	0.03249347956813389	0.10481767602623837	1.1633986928104576	0.08572798615929264	0.875	0.10265928118061009
179	0.023464321773984935	0.0809114543930515	6.30718954248366	0.21475521175569343	5.375	0.3451188246530323
180	0.000471640539852318	0.004491814665260172	6.849673202614379	0.26011879113801367	5.375	0.32103942834796884
181	0.2889092939473764	0.44792138596492465	4.73202614379085	0.24057867541972777	4.25	0.38341497395579266
182	0.7350809882300223	0.8455017812878517	6.823529411764706	0.274960929622658	6.666666666666667	0.3721527274952578
183	0.0026502292080772074	0.016061995200467923	6.947712418300654	0.265844781186906	5.652777777777778	0.3304805874931077
184	0.016196883188365527	0.06892290718453416	4.477124183006536	0.22258236867788006	3.5	0.33391967210369683
185	0.1942601698838432	0.3531335903788345	4.954248366013072	0.2341170439584606	4.402777777777778	0.3519783803192137
186	0.0013151902319797092	0.00907027746192903	2.9084967320261437	0.15883549100554986	2.1527777777777777	0.16860344412317468
187	0.4535706935651773	0.6343646063848634	4.03921568627451	0.19002524431294218	3.763888888888889	0.3130526759458926
188	0.0007019046338720451	0.005849205282267043	2.5359477124183005	0.15683765995959142	1.7638888888888888	0.16007267465738834
189	0.23252794053751513	0.3968610906967831	5.738562091503268	0.22993456425286504	5.236111111111111	0.3502140277613501
190	0.00011424075839160588	0.0015232101118880785	4.019607843137255	0.2007190780246089	2.8333333333333335	0.22378169554578378
191	0.0003151157983138971	0.003193794052839445	4.0	0.18982547703168343	2.8055555555555554	0.2621379602555123
192	0.6715954208258652	0.79951835812603	0.46405228758169936	0.074203802573578	0.4166666666666667	0.08333333333333334
193	1.4754945935724627e-05	0.0004918315311908209	6.104575163398692	0.2324255151970644	4.333333333333333	0.31955074097291347
194	3.661606988445592e-05	0.0008136904418767982	4.4183006535947715	0.18745814326633928	3.0833333333333335	0.2515600775430365
195	0.21220414364300724	0.36905068459653434	3.7908496732026142	0.18723762625844542	3.4027777777777777	0.2467787163203615
196	0.10864136975888182	0.2311518505508124	3.9215686274509802	0.21299569590588657	3.375	0.2634767393438629
197	0.15241070297645415	0.3079004100534427	3.5751633986928106	0.17091912705300852	3.1527777777777777	0.2387202793258939
198	0.0749185013337304	0.17650368750032222	5.235294117647059	0.22824405346711404	4.513888888888889	0.33097348680128036
199	0.754206225307071	0.8533981725875485	4.594771241830065	0.192398970869927	4.486111111111111	0.28799197924214376
